0.0039,0.0063,0.0152,0.0336,0.0310,0.0284,0.0396,0.0272,0.0323,0.0452,0.0492,0.0996,0.1424,0.1194,0.0628,0.0907,0.1177,0.1429,0.1223,0.1104,0.1847,0.3715,0.4382,0.5707,0.6654,0.7476,0.7654,0.8555,0.9720,0.9221,0.7502,0.7209,0.7757,0.6055,0.5021,0.4499,0.3947,0.4281,0.4427,0.3749,0.1972,0.0511,0.0793,0.1269,0.1533,0.0690,0.0402,0.0534,0.0228,0.0073,0.0062,0.0062,0.0120,0.0052,0.0056,0.0093,0.0042,0.0003,0.0053,0.0036,1
0.0123,0.0309,0.0169,0.0313,0.0358,0.0102,0.0182,0.0579,0.1122,0.0835,0.0548,0.0847,0.2026,0.2557,0.1870,0.2032,0.1463,0.2849,0.5824,0.7728,0.7852,0.8515,0.5312,0.3653,0.5973,0.8275,1.0000,0.8673,0.6301,0.4591,0.3940,0.2576,0.2817,0.2641,0.2757,0.2698,0.3994,0.4576,0.3940,0.2522,0.1782,0.1354,0.0516,0.0337,0.0894,0.0861,0.0872,0.0445,0.0134,0.0217,0.0188,0.0133,0.0265,0.0224,0.0074,0.0118,0.0026,0.0092,0.0009,0.0044,1
0.0079,0.0086,0.0055,0.0250,0.0344,0.0546,0.0528,0.0958,0.1009,0.1240,0.1097,0.1215,0.1874,0.3383,0.3227,0.2723,0.3943,0.6432,0.7271,0.8673,0.9674,0.9847,0.9480,0.8036,0.6833,0.5136,0.3090,0.0832,0.4019,0.2344,0.1905,0.1235,0.1717,0.2351,0.2489,0.3649,0.3382,0.1589,0.0989,0.1089,0.1043,0.0839,0.1391,0.0819,0.0678,0.0663,0.1202,0.0692,0.0152,0.0266,0.0174,0.0176,0.0127,0.0088,0.0098,0.0019,0.0059,0.0058,0.0059,0.0032,1
0.0090,0.0062,0.0253,0.0489,0.1197,0.1589,0.1392,0.0987,0.0955,0.1895,0.1896,0.2547,0.4073,0.2988,0.2901,0.5326,0.4022,0.1571,0.3024,0.3907,0.3542,0.4438,0.6414,0.4601,0.6009,0.8690,0.8345,0.7669,0.5081,0.4620,0.5380,0.5375,0.3844,0.3601,0.7402,0.7761,0.3858,0.0667,0.3684,0.6114,0.3510,0.2312,0.2195,0.3051,0.1937,0.1570,0.0479,0.0538,0.0146,0.0068,0.0187,0.0059,0.0095,0.0194,0.0080,0.0152,0.0158,0.0053,0.0189,0.0102,1
0.0124,0.0433,0.0604,0.0449,0.0597,0.0355,0.0531,0.0343,0.1052,0.2120,0.1640,0.1901,0.3026,0.2019,0.0592,0.2390,0.3657,0.3809,0.5929,0.6299,0.5801,0.4574,0.4449,0.3691,0.6446,0.8940,0.8978,0.4980,0.3333,0.2350,0.1553,0.3666,0.4340,0.3082,0.3024,0.4109,0.5501,0.4129,0.5499,0.5018,0.3132,0.2802,0.2351,0.2298,0.1155,0.0724,0.0621,0.0318,0.0450,0.0167,0.0078,0.0083,0.0057,0.0174,0.0188,0.0054,0.0114,0.0196,0.0147,0.0062,1
0.0298,0.0615,0.0650,0.0921,0.1615,0.2294,0.2176,0.2033,0.1459,0.0852,0.2476,0.3645,0.2777,0.2826,0.3237,0.4335,0.5638,0.4555,0.4348,0.6433,0.3932,0.1989,0.3540,0.9165,0.9371,0.4620,0.2771,0.6613,0.8028,0.4200,0.5192,0.6962,0.5792,0.8889,0.7863,0.7133,0.7615,0.4401,0.3009,0.3163,0.2809,0.2898,0.0526,0.1867,0.1553,0.1633,0.1252,0.0748,0.0452,0.0064,0.0154,0.0031,0.0153,0.0071,0.0212,0.0076,0.0152,0.0049,0.0200,0.0073,1
0.0352,0.0116,0.0191,0.0469,0.0737,0.1185,0.1683,0.1541,0.1466,0.2912,0.2328,0.2237,0.2470,0.1560,0.3491,0.3308,0.2299,0.2203,0.2493,0.4128,0.3158,0.6191,0.5854,0.3395,0.2561,0.5599,0.8145,0.6941,0.6985,0.8660,0.5930,0.3664,0.6750,0.8697,0.7837,0.7552,0.5789,0.4713,0.1252,0.6087,0.7322,0.5977,0.3431,0.1803,0.2378,0.3424,0.2303,0.0689,0.0216,0.0469,0.0426,0.0346,0.0158,0.0154,0.0109,0.0048,0.0095,0.0015,0.0073,0.0067,1
0.0530,0.0885,0.1997,0.2604,0.3225,0.2247,0.0617,0.2287,0.0950,0.0740,0.1610,0.2226,0.2703,0.3365,0.4266,0.4144,0.5655,0.6921,0.8547,0.9234,0.9171,1.0000,0.9532,0.9101,0.8337,0.7053,0.6534,0.4483,0.2460,0.2020,0.1446,0.0994,0.1510,0.2392,0.4434,0.5023,0.4441,0.4571,0.3927,0.2900,0.3408,0.4990,0.3632,0.1387,0.1800,0.1299,0.0523,0.0817,0.0469,0.0114,0.0299,0.0244,0.0199,0.0257,0.0082,0.0151,0.0171,0.0146,0.0134,0.0056,0
0.0454,0.0472,0.0697,0.1021,0.1397,0.1493,0.1487,0.0771,0.1171,0.1675,0.2799,0.3323,0.4012,0.4296,0.5350,0.5411,0.6870,0.8045,0.9194,0.9169,1.0000,0.9972,0.9093,0.7918,0.6705,0.5324,0.3572,0.2484,0.3161,0.3775,0.3138,0.1713,0.2937,0.5234,0.5926,0.5437,0.4516,0.3379,0.3215,0.2178,0.1674,0.2634,0.2980,0.2037,0.1155,0.0919,0.0882,0.0228,0.0380,0.0142,0.0137,0.0120,0.0042,0.0238,0.0129,0.0084,0.0218,0.0321,0.0154,0.0053,0
0.0283,0.0599,0.0656,0.0229,0.0839,0.1673,0.1154,0.1098,0.1370,0.1767,0.1995,0.2869,0.3275,0.3769,0.4169,0.5036,0.6180,0.8025,0.9333,0.9399,0.9275,0.9450,0.8328,0.7773,0.7007,0.6154,0.5810,0.4454,0.3707,0.2891,0.2185,0.1711,0.3578,0.3947,0.2867,0.2401,0.3619,0.3314,0.3763,0.4767,0.4059,0.3661,0.2320,0.1450,0.1017,0.1111,0.0655,0.0271,0.0244,0.0179,0.0109,0.0147,0.0170,0.0158,0.0046,0.0073,0.0054,0.0033,0.0045,0.0079,0
0.0114,0.0222,0.0269,0.0384,0.1217,0.2062,0.1489,0.0929,0.1350,0.1799,0.2486,0.2973,0.3672,0.4394,0.5258,0.6755,0.7402,0.8284,0.9033,0.9584,1.0000,0.9982,0.8899,0.7493,0.6367,0.6744,0.7207,0.6821,0.5512,0.4789,0.3924,0.2533,0.1089,0.1390,0.2551,0.3301,0.2818,0.2142,0.2266,0.2142,0.2354,0.2871,0.2596,0.1925,0.1256,0.1003,0.0951,0.1210,0.0728,0.0174,0.0213,0.0269,0.0152,0.0257,0.0097,0.0041,0.0050,0.0145,0.0103,0.0025,0
0.0414,0.0436,0.0447,0.0844,0.0419,0.1215,0.2002,0.1516,0.0818,0.1975,0.2309,0.3025,0.3938,0.5050,0.5872,0.6610,0.7417,0.8006,0.8456,0.7939,0.8804,0.8384,0.7852,0.8479,0.7434,0.6433,0.5514,0.3519,0.3168,0.3346,0.2056,0.1032,0.3168,0.4040,0.4282,0.4538,0.3704,0.3741,0.3839,0.3494,0.4380,0.4265,0.2854,0.2808,0.2395,0.0369,0.0805,0.0541,0.0177,0.0065,0.0222,0.0045,0.0136,0.0113,0.0053,0.0165,0.0141,0.0077,0.0246,0.0198,0
0.0094,0.0333,0.0306,0.0376,0.1296,0.1795,0.1909,0.1692,0.1870,0.1725,0.2228,0.3106,0.4144,0.5157,0.5369,0.5107,0.6441,0.7326,0.8164,0.8856,0.9891,1.0000,0.8750,0.8631,0.9074,0.8674,0.7750,0.6600,0.5615,0.4016,0.2331,0.1164,0.1095,0.0431,0.0619,0.1956,0.2120,0.3242,0.4102,0.2939,0.1911,0.1702,0.1010,0.1512,0.1427,0.1097,0.1173,0.0972,0.0703,0.0281,0.0216,0.0153,0.0112,0.0241,0.0164,0.0055,0.0078,0.0055,0.0091,0.0067,0
0.0228,0.0106,0.0130,0.0842,0.1117,0.1506,0.1776,0.0997,0.1428,0.2227,0.2621,0.3109,0.2859,0.3316,0.3755,0.4499,0.4765,0.6254,0.7304,0.8702,0.9349,0.9614,0.9126,0.9443,1.0000,0.9455,0.8815,0.7520,0.7068,0.5986,0.3857,0.2510,0.2162,0.0968,0.1323,0.1344,0.2250,0.3244,0.3939,0.3806,0.3258,0.3654,0.2983,0.1779,0.1535,0.1199,0.0959,0.0765,0.0649,0.0313,0.0185,0.0098,0.0178,0.0077,0.0074,0.0095,0.0055,0.0045,0.0063,0.0039,0
0.0363,0.0478,0.0298,0.0210,0.1409,0.1916,0.1349,0.1613,0.1703,0.1444,0.1989,0.2154,0.2863,0.3570,0.3980,0.4359,0.5334,0.6304,0.6995,0.7435,0.8379,0.8641,0.9014,0.9432,0.9536,1.0000,0.9547,0.9745,0.8962,0.7196,0.5462,0.3156,0.2525,0.1969,0.2189,0.1533,0.0711,0.1498,0.1755,0.2276,0.1322,0.1056,0.1973,0.1692,0.1881,0.1177,0.0779,0.0495,0.0492,0.0194,0.0250,0.0115,0.0190,0.0055,0.0096,0.0050,0.0066,0.0114,0.0073,0.0033,0
0.0261,0.0266,0.0223,0.0749,0.1364,0.1513,0.1316,0.1654,0.1864,0.2013,0.2890,0.3650,0.3510,0.3495,0.4325,0.5398,0.6237,0.6876,0.7329,0.8107,0.8396,0.8632,0.8747,0.9607,0.9716,0.9121,0.8576,0.8798,0.7720,0.5711,0.4264,0.2860,0.3114,0.2066,0.1165,0.0185,0.1302,0.2480,0.1637,0.1103,0.2144,0.2033,0.1887,0.1370,0.1376,0.0307,0.0373,0.0606,0.0399,0.0169,0.0135,0.0222,0.0175,0.0127,0.0022,0.0124,0.0054,0.0021,0.0028,0.0023,0
0.0346,0.0509,0.0079,0.0243,0.0432,0.0735,0.0938,0.1134,0.1228,0.1508,0.1809,0.2390,0.2947,0.2866,0.4010,0.5325,0.5486,0.5823,0.6041,0.6749,0.7084,0.7890,0.9284,0.9781,0.9738,1.0000,0.9702,0.9956,0.8235,0.6020,0.5342,0.4867,0.3526,0.1566,0.0946,0.1613,0.2824,0.3390,0.3019,0.2945,0.2978,0.2676,0.2055,0.2069,0.1625,0.1216,0.1013,0.0744,0.0386,0.0050,0.0146,0.0040,0.0122,0.0107,0.0112,0.0102,0.0052,0.0024,0.0079,0.0031,0